--- Example ---
 (0,0) (0,1) (0,2) (0,3) (0,4) (1,4) (2,4) (3,4) (4,4) (5,4)
 (6,4) (7,4) (7,3) (7,2) (7,1) (7,0) (6,0) (5,0) (4,0) (3,0)
 (3,1) (3,2) (3,3) (4,3) (5,3) (6,3) (6,2) (6,1) (5,1) (4,1)
 (4,2) (5,2)
v..v<<<<
v..vv<<^
v..v>*^^
v..>>>^^
>>>>>>>^
* Minimum number of steps: 31 *

* Best starting point has minimum number of steps: 29 *

--- Puzzle 1: Shortest Path ---
Lines read: 41, characters: 6560
Width x Height = 159 x 41
 (0,20) (0,19) (0,18) (0,17) (0,16) (0,15) (0,14) (1,14) (2,14) (3,14)
 (4,14) (5,14) (6,14) (7,14) (8,14) (9,14) (10,14) (11,14) (12,14) (13,14)
 (14,14) (15,14) (16,14) (17,14) (18,14) (19,14) (20,14) (21,14) (22,14) (23,14)
 (24,14) (25,14) (26,14) (27,14) (28,14) (29,14) (30,14) (31,14) (32,14) (33,14)
 (34,14) (35,14) (36,14) (37,14) (38,14) (39,14) (40,14) (40,15) (40,16) (41,16)
 (42,16) (43,16) (44,16) (45,16) (46,16) (47,16) (48,16) (49,16) (50,16) (50,17)
 (50,18) (51,18) (52,18) (52,19) (52,20) (52,21) (52,22) (52,23) (52,24) (52,25)
 (52,26) (52,27) (53,27) (54,27) (55,27) (56,27) (57,27) (58,27) (59,27) (60,27)
 (61,27) (62,27) (63,27) (64,27) (65,27) (66,27) (67,27) (68,27) (69,27) (70,27)
 (70,28) (71,28) (72,28) (73,28) (74,28) (75,28) (76,28) (77,28) (78,28) (79,28)
 (80,28) (80,29) (81,29) (82,29) (83,29) (83,30) (83,31) (83,32) (83,33) (84,33)
 (85,33) (86,33) (87,33) (88,33) (89,33) (90,33) (91,33) (92,33) (93,33) (94,33)
 (95,33) (96,33) (97,33) (98,33) (99,33) (100,33) (101,33) (102,33) (103,33) (104,33)
 (105,33) (106,33) (107,33) (108,33) (109,33) (110,33) (111,33) (111,34) (111,35) (111,36)
 (111,37) (112,37) (113,37) (114,37) (115,37) (116,37) (117,37) (118,37) (119,37) (120,37)
 (121,37) (122,37) (123,37) (124,37) (125,37) (126,37) (126,38) (126,39) (126,40) (127,40)
 (128,40) (129,40) (130,40) (131,40) (132,40) (133,40) (134,40) (135,40) (136,40) (137,40)
 (137,39) (137,38) (138,38) (139,38) (140,38) (141,38) (141,37) (142,37) (142,36) (143,36)
 (144,36) (144,35) (144,34) (145,34) (145,33) (146,33) (147,33) (147,32) (148,32) (148,31)
 (147,31) (146,31) (146,32) (145,32) (144,32) (144,33) (143,33) (143,34) (143,35) (142,35)
 (141,35) (140,35) (139,35) (138,35) (137,35) (136,35) (135,35) (134,35) (134,34) (133,34)
 (133,33) (132,33) (132,32) (132,31) (131,31) (131,30) (130,30) (130,29) (129,29) (128,29)
 (128,28) (127,28) (126,28) (126,27) (125,27) (125,26) (124,26) (124,25) (124,24) (124,23)
 (124,22) (124,21) (124,20) (124,19) (124,18) (125,18) (125,17) (125,16) (126,16) (126,15)
 (126,14) (126,13) (126,12) (127,12) (127,11) (127,10) (127,9) (128,9) (129,9) (130,9)
 (131,9) (132,9) (133,9) (134,9) (135,9) (136,9) (137,9) (138,9) (139,9) (140,9)
 (141,9) (142,9) (143,9) (144,9) (144,10) (145,10) (146,10) (146,11) (147,11) (147,12)
 (147,13) (147,14) (147,15) (147,16) (147,17) (147,18) (147,19) (148,19) (148,20) (149,20)
 (149,21) (149,22) (149,23) (149,24) (149,25) (149,26) (149,27) (149,28) (148,28) (147,28)
 (147,29) (146,29) (145,29) (144,29) (143,29) (143,30) (142,30) (142,31) (141,31) (141,32)
 (140,32) (139,32) (138,32) (137,32) (136,32) (135,32) (135,31) (134,31) (134,30) (133,30)
 (133,29) (133,28) (132,28) (132,27) (131,27) (130,27) (130,26) (129,26) (128,26) (128,25)
 (127,25) (127,24) (127,23) (127,22) (127,21) (127,20) (127,19) (128,19) (128,18) (128,17)
 (129,17) (129,16) (129,15) (129,14) (129,13) (129,12) (130,12) (130,11) (131,11) (132,11)
 (133,11) (134,11) (135,11) (135,12) (136,12) (137,12) (138,12) (139,12) (140,12) (141,12)
 (142,12) (143,12) (144,12) (144,13) (145,13) (145,14) (145,15) (145,16) (145,17) (145,18)
 (145,19) (145,20) (146,20) (146,21) (146,22) (146,23) (146,24) (146,25) (146,26) (145,26)
 (144,26) (144,27) (143,27) (142,27) (141,27) (141,28) (141,29) (140,29) (139,29) (138,29)
 (137,29) (136,29) (136,28) (135,28) (135,27) (134,27) (134,26) (134,25) (133,25) (132,25)
 (132,24) (131,24) (130,24) (130,23) (130,22) (130,21) (130,20) (130,19) (131,19) (131,18)
 (131,17) (131,16) (131,15) (131,14) (132,14) (133,14) (134,14) (135,14) (136,14) (136,15)
 (137,15) (138,15) (139,15) (140,15) (141,15) (142,15) (142,16) (142,17) (142,18) (142,19)
 (142,20) (143,20) (143,21) (143,22) (143,23) (143,24) (142,24) (141,24) (140,24) (140,25)
 (139,25) (139,26) (138,26) (137,26) (136,26) (136,25) (136,24) (135,24) (135,23) (134,23)
 (133,23) (133,22) (133,21) (134,21) (135,21) (136,21) (136,20) (135,20)
...............................................................................................................................................................
...............................................................................................................................................................
...............................................................................................................................................................
...............................................................................................................................................................
...............................................................................................................................................................
...............................................................................................................................................................
...............................................................................................................................................................
...............................................................................................................................................................
...............................................................................................................................................................
...............................................................................................................................>>>>>>>>>>>>>>>>>v..............
...............................................................................................................................^................>>v............
...............................................................................................................................^..>>>>>v..........>v...........
..............................................................................................................................>^.>^....>>>>>>>>>v..v...........
..............................................................................................................................^..^..............>v.v...........
>>>>>>>>>>>>>>>>>>>>>>>>>>>>>>>>>>>>>>>>v.....................................................................................^..^.>>>>>v........v.v...........
^.......................................v.....................................................................................^..^.^....>>>>>>v..v.v...........
^.......................................>>>>>>>>>>v..........................................................................>^..^.^..........v..v.v...........
^.................................................v..........................................................................^..>^.^..........v..v.v...........
^.................................................>>v.......................................................................>^..^..^..........v..v.v...........
^...................................................v.......................................................................^..>^.>^..........v..v.>v..........
^...................................................v.......................................................................^..^..^....*<.....>v.>v.>v.........
....................................................v.......................................................................^..^..^..>>>^......v..v..v.........
....................................................v.......................................................................^..^..^..^.........v..v..v.........
....................................................v.......................................................................^..^..^..^<<.......v..v..v.........
....................................................v.......................................................................^..^..^<<..^<...v<<<..v..v.........
....................................................v.......................................................................^..^<...^<<.^..v<.....v..v.........
....................................................v.......................................................................^<..^<<...^.^<<<....v<<..v.........
....................................................>>>>>>>>>>>>>>>>>>v......................................................^<...^<<.^<.....v<<<....v.........
......................................................................>>>>>>>>>>v.............................................^<<...^<.^<....v.....v<<.........
................................................................................>>>v............................................^<<..^..^<<<<<.v<<<<...........
...................................................................................v..............................................^<.^<.......v<...............
...................................................................................v...............................................^<.^<.....v<...v<<..........
...................................................................................v................................................^..^<<<<<<..v<<>^..........
...................................................................................>>>>>>>>>>>>>>>>>>>>>>>>>>>>v....................^<.........v<>>^...........
...............................................................................................................v.....................^<........v>^.............
...............................................................................................................v......................^<<<<<<<<<^..............
...............................................................................................................v..............................>>^..............
...............................................................................................................>>>>>>>>>>>>>>>v..............>^................
..............................................................................................................................v..........>>>>^.................
..............................................................................................................................v..........^.....................
..............................................................................................................................>>>>>>>>>>>^.....................
*** Minimum number of steps: 447 ***

--- Puzzle 2: Best starting point ---
*** Best starting point has minimum number of steps: 446 ***
