--- Minimal-Beispiel: 1 Fisch ---
Initial state: 1, [3]
After    0 days: 1, [3]
After    1 day:  1, [2]
After    2 days: 1, [1]
After    3 days: 1, [0]
After    4 days: 2, [6,8]
End population in generation 5: 2, [5,7]

--- Beispiel ---
Initial state: 5, [3, 4, 3, 1, 2]
End population in generation 18: 26, [6,8,1,1,3,0,2,2,4,6,8,1,1,3,4,6,6,8,6,8,1,5,7,0,0,2]
Start population: 5
End population in generation 80: 5934

--- Aufgabe 1: In 80 Tagen durch das Meer ---
Start population from file 06-lanternfish-input.txt: 4,1,1,1,5,1,3,1,5,3,4,3,3,1,3,3,1,5,3,2,4,4,3,4,1,4,2,2,1,3,5,1,1,3,2,5,1,1,4,2,5,4,3,2,5,3,3,4,5,4,3,5,4,2,5,5,2,2,2,3,5,5,4,2,1,1,5,1,4,3,2,2,1,2,1,5,3,3,3,5,1,5,4,2,2,2,1,4,2,5,2,3,3,2,3,4,4,1,4,4,3,1,1,1,1,1,4,4,5,4,2,5,1,5,4,4,5,2,3,5,4,1,4,5,2,1,1,2,5,4,5,5,1,1,1,1,1,4,5,3,1,3,4,3,3,1,5,4,2,1,4,4,4,1,1,3,1,3,5,3,1,4,5,3,5,1,1,2,2,4,4,1,4,1,3,1,1,3,1,3,3,5,4,2,1,1,2,1,2,3,3,5,4,1,1,2,1,2,5,3,1,5,4,3,1,5,2,3,4,4,3,1,1,1,2,1,1,2,1,5,4,2,2,1,4,3,1,1,1,1,3,1,5,2,4,1,3,2,3,4,3,4,2,1,2,1,2,4,2,1,5,2,2,5,5,1,1,2,3,1,1,1,3,5,1,3,5,1,3,3,2,4,5,5,3,1,4,1,5,2,4,5,5,5,2,4,2,2,5,2,4,1,3,2,1,1,4,4,1,5
Start population: 300
End population in generation 80: 352195
End population:  352195

